1000 2000
953 319
912 38
495 682
268 140
278 196
517 453
83 247
389 349
43 820
358 644
283 119
622 732
717 405
34 529
971 288
798 876
304 85
709 705
507 359
78 737
753 709
644 797
457 880
299 538
476 931
569 882
197 341
150 75
492 916
547 348
529 814
587 306
261 739
878 776
550 14
882 238
75 21
330 940
100 371
174 857
487 560
805 258
640 424
886 42
371 75
821 141
394 507
357 862
327 581
271 959
626 441
613 660
517 669
103 559
463 179
588 129
230 850
106 776
458 807
83 65
206 74
541 582
510 1
59 636
889 709
967 96
352 490
298 828
228 688
256 978
273 624
440 402
604 687
304 904
685 765
26 269
684 434
658 731
328 838
369 630
451 428
139 591
490 41
707 593
429 846
724 829
840 29
964 775
836 890
599 807
190 341
409 106
586 545
843 261
946 573
758 453
564 862
210 280
346 465
965 774
23 39
411 906
601 359
4 879
988 634
263 959
284 927
112 247
831 892
879 419
715 140
307 922
46 114
185 361
141 623
339 575
877 901
576 297
568 446
694 300
36 678
373 152
717 579
783 568
967 571
720 724
50 327
480 526
101 246
879 14
894 110
844 748
377 883
620 222
256 142
23 164
901 724
162 243
822 294
312 152
645 772
379 457
302 126
940 651
614 936
108 140
316 869
156 557
134 720
507 726
262 401
394 942
35 509
591 646
317 749
217 250
349 635
943 350
542 996
518 617
643 165
296 421
609 821
259 83
987 974
102 900
365 949
237 917
407 442
448 157
124 432
133 996
739 328
429 249
90 274
748 372
988 511
630 323
589 425
638 790
270 58
555 972
552 965
401 239
447 965
262 940
956 105
943 866
745 339
326 979
496 430
663 544
557 92
147 650
966 410
354 277
817 311
205 770
992 843
724 866
957 649
907 174
184 254
100 403
494 160
977 810
565 101
966 446
49 825
860 541
307 705
602 458
399 931
693 869
117 862
953 982
960 951
208 380
756 43
200 654
280 162
929 614
907 776
416 836
42 986
243 477
790 739
492 48
168 583
402 994
420 559
455 106
796 484
978 871
193 388
181 149
901 28
10 780
742 156
239 793
823 683
814 670
129 946
226 120
113 149
711 610
914 72
693 133
243 32
48 288
180 488
844 606
690 266
119 654
62 198
78 789
823 811
301 778
233 281
12 364
681 376
367 671
205 131
193 962
481 685
654 204
132 29
799 627
706 489
893 881
829 984
645 546
481 344
167 335
160 93
951 799
568 995
32 615
855 420
292 37
618 935
546 37
763 406
972 707
566 192
984 369
248 748
566 781
266 163
157 801
111 36
57 125
97 543
306 268
420 579
277 350
386 506
9 703
480 568
608 545
782 793
48 64
837 530
277 451
4 834
948 934
978 306
255 531
313 631
605 30
409 656
891 348
475 720
954 827
970 209
709 826
285 291
593 763
269 842
324 921
814 596
16 660
958 611
667 713
67 953
653 32
441 81
244 495
969 413
480 857
903 374
618 439
569 731
717 512
919 740
974 749
689 333
707 154
120 21
22 588
853 61
435 719
551 600
229 842
528 318
401 793
552 147
739 462
315 267
313 806
937 422
586 127
348 194
483 115
859 900
656 771
920 747
877 182
559 635
716 948
76 934
534 966
887 2
92 48
369 95
146 867
591 287
931 53
806 853
936 250
575 804
714 268
342 865
643 877
689 827
559 768
426 362
789 166
183 223
861 208
938 585
400 710
525 719
823 416
180 535
652 690
700 888
376 399
632 565
580 983
647 193
679 255
932 150
372 286
527 386
846 662
720 869
280 31
887 110
706 179
815 154
483 899
930 620
21 609
264 511
732 955
244 100
956 807
717 626
728 764
425 815
460 369
497 962
297 402
919 965
4 549
950 72
480 912
251 869
210 647
950 912
436 251
79 445
703 115
591 399
595 832
638 371
690 408
504 920
126 119
172 444
172 413
922 721
776 782
322 418
8 928
909 199
502 987
233 608
70 484
211 112
242 825
105 238
750 451
894 506
463 350
155 185
269 225
854 75
933 319
17 400
746 358
639 954
342 471
734 660
124 98
412 807
560 618
628 6
15 107
675 519
381 97
582 744
929 323
302 68
607 368
526 701
122 989
94 356
808 295
989 522
882 924
80 378
735 236
620 498
255 375
890 666
860 87
552 687
485 623
436 720
752 952
234 861
322 758
643 56
645 205
750 496
5 398
154 597
824 860
911 831
472 165
4 805
177 367
452 664
776 317
814 17
420 486
55 880
262 32
990 382
581 647
221 962
896 686
777 962
671 56
937 812
855 450
982 957
854 350
724 437
201 395
775 802
754 953
178 782
99 284
461 729
440 152
206 360
843 426
793 979
870 551
16 14
686 107
945 819
253 153
455 709
364 726
120 387
414 338
375 288
370 414
625 930
407 244
301 384
794 310
350 702
866 714
243 65
102 964
487 778
530 644
548 566
567 349
556 776
877 317
276 993
42 291
84 610
132 165
965 428
989 321
163 49
216 829
701 128
487 812
845 718
603 998
915 395
354 7
134 468
296 868
861 233
822 99
896 421
262 444
934 865
848 372
723 237
256 551
685 921
492 136
261 513
167 122
534 437
436 982
444 546
148 745
643 461
711 196
660 226
947 246
256 831
927 397
383 606
306 993
393 950
191 749
944 302
22 820
634 836
340 234
239 792
129 291
60 275
544 940
702 210
518 744
640 493
817 500
920 764
897 175
509 84
655 953
608 542
745 809
810 290
273 810
722 997
761 931
870 511
940 804
175 908
503 733
956 871
699 313
455 126
447 199
857 398
119 242
14 24
25 720
878 547
575 40
635 725
369 535
33 913
412 917
684 25
268 184
63 403
115 709
289 120
669 340
528 397
309 105
763 110
921 70
473 286
857 163
894 647
117 880
613 570
61 126
703 793
497 819
6 327
431 141
898 895
100 449
771 560
741 64
108 621
528 771
616 107
100 82
784 423
621 806
153 976
14 385
749 770
162 314
125 313
85 678
138 991
586 623
418 41
233 666
870 371
943 500
207 766
310 173
3 296
999 237
39 528
943 267
119 610
133 8
192 561
499 964
583 646
862 322
81 381
77 768
343 187
64 480
671 522
598 276
985 830
462 241
845 928
748 341
493 258
316 139
687 22
454 477
667 244
559 70
25 343
145 926
916 613
739 663
247 796
258 999
191 873
595 461
95 547
777 787
899 991
642 71
483 77
360 345
869 512
75 567
703 462
790 727
246 236
489 421
373 167
770 621
826 543
284 868
556 793
155 29
899 550
844 409
861 274
364 72
552 678
40 765
19 452
19 653
153 657
198 152
36 871
129 225
395 22
854 561
899 556
693 88
151 190
688 19
603 336
700 301
628 762
295 821
245 713
142 963
299 497
458 828
746 465
71 443
257 605
101 633
939 244
372 399
834 610
477 448
470 320
389 880
609 571
53 125
164 590
417 444
903 404
422 705
260 554
413 622
567 855
687 100
835 390
517 661
836 428
463 300
448 700
732 927
712 35
402 355
649 915
372 599
533 788
915 531
180 859
629 201
33 952
899 531
746 878
958 161
272 917
429 534
169 766
514 619
299 776
694 329
653 889
381 759
889 892
614 926
739 832
45 126
917 223
229 567
872 268
460 342
888 893
251 350
704 346
542 497
924 418
103 786
530 788
338 176
400 828
519 308
594 909
52 200
265 106
873 809
827 557
735 363
23 687
899 9
817 468
231 603
507 311
801 739
295 532
903 452
230 800
679 152
88 202
557 523
555 986
162 16
855 812
270 290
971 235
208 822
75 821
757 92
704 427
175 962
347 497
94 166
151 694
835 638
340 705
266 519
913 859
32 171
35 674
713 908
239 673
671 675
377 519
951 385
39 248
10 500
403 483
787 676
146 654
98 531
309 785
643 232
606 305
812 808
111 933
692 990
311 675
85 213
204 324
648 130
631 703
55 711
70 465
876 732
313 101
476 95
971 370
30 487
392 507
805 534
701 525
960 165
587 669
401 459
839 511
918 383
495 401
387 491
863 845
986 701
569 147
748 918
493 195
178 804
443 872
94 634
464 238
77 66
835 908
333 728
567 414
613 542
97 597
462 168
316 883
648 75
687 904
449 615
273 549
95 504
535 221
288 30
299 830
889 701
286 263
217 795
831 611
620 520
774 27
770 990
659 601
594 44
805 814
310 474
293 421
811 473
357 591
256 191
511 324
308 893
263 894
489 835
924 916
31 636
165 875
979 345
625 689
465 852
797 163
125 99
650 302
55 502
396 131
918 461
832 201
202 610
232 800
222 513
807 784
450 728
561 432
459 947
73 622
982 216
671 193
322 127
207 922
362 603
959 517
835 176
268 33
894 970
1 496
456 99
976 496
600 749
773 811
521 358
474 296
107 173
124 175
162 381
926 108
862 697
465 804
931 455
744 852
344 970
208 155
221 38
232 332
498 267
840 341
912 814
484 384
98 21
733 799
264 223
403 320
542 445
925 583
467 459
858 966
187 418
579 131
583 41
989 32
196 879
198 583
111 476
999 29
516 487
107 957
890 262
833 238
835 150
462 552
969 435
361 197
594 53
381 777
211 836
507 879
8 519
664 163
788 732
340 267
394 624
674 449
226 821
232 650
228 15
456 651
108 187
601 887
525 311
943 922
372 329
48 834
1 116
514 341
24 807
520 349
122 259
363 61
833 417
648 49
695 970
769 65
986 851
272 121
10 645
538 785
897 169
234 739
669 342
175 227
591 546
949 255
252 682
399 251
203 165
617 591
547 120
239 810
812 148
257 664
635 750
226 972
210 577
879 969
433 214
224 702
45 212
607 826
731 368
393 1
242 59
968 475
898 721
175 844
803 591
681 353
774 822
123 644
296 395
35 214
420 401
39 146
488 25
259 476
327 276
614 974
957 498
242 655
746 811
110 301
896 677
282 545
923 730
823 766
195 627
461 68
138 172
398 783
499 666
151 292
204 283
514 761
508 572
908 394
538 244
695 199
740 133
254 951
886 535
208 115
73 909
979 20
928 398
242 485
835 411
905 49
211 218
147 906
394 492
263 939
290 793
397 762
644 185
596 144
496 703
715 853
87 96
676 594
124 951
594 142
190 286
115 842
818 700
201 183
634 447
95 367
337 961
228 251
884 416
708 390
93 575
406 813
507 472
261 346
31 717
499 626
129 18
127 615
778 437
11 979
952 333
1000 499
399 888
978 675
626 261
95 97
541 490
887 588
996 520
250 872
234 536
455 178
385 504
110 397
913 705
987 566
776 773
341 478
456 963
134 91
806 754
711 968
381 407
333 579
336 479
85 88
273 418
450 488
152 335
559 967
302 516
945 469
697 602
607 680
20 728
120 374
429 243
867 348
6 553
47 936
9 784
619 994
970 503
959 421
325 250
666 852
859 659
212 297
835 48
11 646
533 502
91 294
628 718
449 761
94 26
996 300
681 556
833 770
125 140
717 505
443 765
614 392
752 143
373 570
791 627
61 871
259 833
372 838
620 131
705 21
770 448
538 798
349 745
688 507
869 37
152 388
673 923
204 271
304 74
360 634
279 805
987 901
977 968
111 702
327 552
919 778
233 957
512 274
708 968
441 27
202 179
366 106
712 692
388 597
642 650
885 458
981 993
953 139
651 988
284 274
680 677
336 98
200 104
389 518
499 89
229 404
26 403
700 558
465 811
870 706
703 71
91 719
347 136
762 292
844 595
677 397
427 355
27 560
652 871
64 556
919 441
320 296
750 905
893 933
916 406
336 349
223 610
689 176
428 397
688 204
155 767
57 502
972 783
722 679
549 891
388 708
638 271
181 178
697 334
615 892
924 372
441 757
550 986
667 143
939 278
338 645
15 991
948 653
897 751
570 286
297 484
238 794
565 437
885 65
893 414
732 975
321 499
266 574
377 453
965 430
934 982
73 914
248 552
731 338
211 155
265 858
102 451
911 718
762 164
848 767
886 720
537 152
97 996
656 568
973 470
93 264
843 489
381 228
703 993
61 237
811 352
646 611
62 277
54 438
864 720
599 951
730 11
197 477
180 536
917 784
868 621
394 638
371 194
869 997
809 6
811 273
637 4
901 333
292 642
66 665
131 881
625 76
43 295
233 149
964 398
639 495
792 716
599 975
726 304
384 134
577 369
216 562
502 674
884 18
713 19
442 870
264 532
186 919
87 345
857 90
500 453
635 768
825 811
370 275
511 308
143 969
240 478
126 66
762 398
735 350
477 908
169 727
33 936
746 791
717 549
368 227
824 875
368 814
216 509
503 431
517 603
925 241
263 423
724 56
265 626
366 49
674 5
651 671
33 517
23 295
709 224
127 10
639 200
244 975
418 228
244 823
800 439
981 909
349 106
606 335
97 749
115 275
722 989
378 826
606 415
448 978
954 515
586 464
794 541
463 555
56 991
865 241
975 50
25 72
930 517
659 589
5 885
525 737
1 753
308 689
840 163
298 749
185 681
786 443
889 947
452 577
380 583
987 117
77 820
818 864
809 854
560 583
162 457
772 708
569 526
944 980
576 688
981 882
448 683
168 918
895 192
317 738
207 118
938 153
177 178
26 375
567 448
915 144
480 989
915 440
280 703
330 802
652 130
332 691
568 642
443 556
478 934
358 162
29 354
177 161
818 198
318 376
952 845
774 187
986 662
924 115
964 782
211 256
73 595
549 622
724 379
493 355
787 723
555 42
555 72
558 488
569 510
587 616
343 568
807 481
184 321
999 438
287 260
933 186
449 680
114 380
312 247
687 539
329 963
15 727
855 55
774 914
217 538
800 620
242 700
105 125
296 32
787 390
311 750
813 680
438 503
232 236
162 307
762 257
67 587
673 621
674 948
738 155
123 108
440 266
527 507
76 70
767 127
529 215
760 842
106 33
968 99
703 541
439 992
684 824
414 359
89 75
398 982
738 747
598 739
959 315
275 657
142 155
750 207
714 946
914 54
797 350
925 899
215 152
936 194
473 599
394 456
495 629
937 531
217 750
463 755
633 183
153 896
767 806
349 602
745 867
906 460
581 902
261 622
142 881
877 329
104 413
170 757
13 436
91 290
457 587
303 214
719 317
327 908
908 46
955 58
690 47
598 452
559 546
148 130
968 632
845 73
518 334
616 81
489 269
463 367
336 145
772 742
445 26
653 172
72 252
775 999
854 680
170 661
112 774
373 66
54 244
958 492
564 349
234 17
586 109
37 977
826 934
288 884
223 804
580 309
737 164
504 735
710 937
675 534
51 361
623 998
291 362
210 967
723 300
892 9
563 434
445 817
841 705
187 978
130 228
938 601
596 410
845 720
10 666
299 52
291 88
464 135
446 666
5 231
628 977
286 765
320 552
377 606
854 867
726 704
692 339
704 639
612 532
824 273
753 509
425 289
907 459
93 415
569 91
812 989
79 135
735 228
701 926
899 755
669 725
689 649
317 167
430 573
641 150
744 953
409 874
113 905
884 421
697 318
455 702
839 499
421 488
771 98
987 601
63 412
72 926
919 634
903 931
695 866
708 59
699 200
469 794
707 285
871 116
79 181
447 320
766 29
692 815
22 51
558 152
177 66
549 431
199 300
755 651
447 530
232 984
27 727
462 465
373 844
445 643
252 369
706 207
577 390
516 778
150 124
580 354
439 566
500 129
282 775
246 688
594 205
443 97
131 768
261 828
267 522
342 551
13 447
189 954
218 55
391 713
576 903
309 303
678 437
794 727
310 313
247 197
377 681
385 218
785 791
954 532
977 908
189 229
878 145
436 803
197 740
158 185
730 636
515 364
52 176
316 341
896 890
693 586
323 875
141 479
821 194
729 372
769 958
268 201
19 183
913 131
627 324
529 413
806 64
312 329
747 669
941 896
767 639
684 85
61 421
451 147
723 43
208 510
838 567
954 979
329 956
833 597
661 47
397 553
549 897
733 988
507 790
896 462
60 387
238 122
481 687
60 837
325 636
288 686
652 507
972 518
57 961
417 859
895 445
730 463
42 316
818 384
824 353
559 370
835 447
674 740
913 547
668 641
295 87
371 618
268 236
118 288
266 336
613 320
477 463
434 295
121 886
836 81
567 160
221 872
891 44
544 694
296 17
360 75
724 605
956 961
780 318
104 793
735 553
451 472
327 867
975 193
898 341
475 163
9 299
529 715
275 761
572 666
829 243
905 838
105 498
459 845
121 57
588 102
700 38
841 251
430 42
359 128
521 245
495 626
359 982
325 887
896 866
524 199
256 937
714 313
771 356
133 870
135 270
736 698
156 695
926 953
876 226
838 639
822 394
531 101
945 283
13 97
144 998
945 937
610 600
729 381
470 594
27 124
292 853
448 219
722 605
480 858
629 680
335 549
39 681
830 764
33 878
548 355
623 559
625 18
61 909
538 410
758 268
932 711
841 957
56 346
308 867
449 513
523 70
499 9
807 578
698 152
133 177
179 616
484 121
992 173
145 31
54 276
877 514
899 31
783 774
639 241
737 908
167 27
462 700
164 819
659 946
173 301
682 553
436 308
541 136
863 982
809 808
570 866
592 421
262 433
726 361
414 950
923 686
329 792
488 264
550 793
377 848
968 253
286 664
866 588
422 783
749 736
387 544
502 997
838 799
582 65
790 963
119 570
439 571
722 515
431 44
82 259
214 580
756 687
901 658
639 933
547 480
303 230
189 529
151 309
749 934
461 282
556 109
276 396
228 78
628 584
313 673
213 291
853 305
339 532
448 956
752 59
197 674
367 332
387 554
271 512
238 231
806 115
282 721
359 874
2 531
731 130
20 185
277 431
65 634
267 516
786 717
618 523
796 256
602 238
132 258
997 939
270 193
212 708
701 917
990 555
510 800
576 195
882 761
759 239
348 127
664 867
873 217
796 920
355 156
668 578
425 435
908 584
895 81
549 584
883 617
141 665
837 266
507 597
725 369
997 555
157 197
720 555
879 50
595 980
645 406
624 300
893 86
440 658
522 361
7 95
601 337
961 341
990 746
432 939
835 196
488 959
937 868
743 145
431 880
323 883
728 759
379 192
35 356
