200
70004028 75184917 60424169 96984121 15073914 22841603 30572357 44332715 47210802 3731606 6952564 12642613 84222568 43716972 34591948 40588959 22704909 7790308 61280897 8805223 67439955 59327697 28642888 16472392 82740430 67645707 54131746 94147083 56628807 40235306 20755062 67059489 36597229 72248357 63700104 83717878 56043539 17754241 17621560 95571252 50250062 57732768 873729 46879176 69374117 20432989 9958670 22537923 8365947 98208903 41626841 28608193 18717520 43946121 49496869 49467365 60729793 48091134 36189414 97736833 92339371 64751010 25235837 40884106 68995403 2145665 79420129 21227442 11525877 45718617 67430900 59618456 68362713 76918150 33466968 20658113 87233544 94753519 59630991 32996973 34312922 1859834 2218339 97630819 64147702 31691832 13907401 53785530 17504976 71915140 4399906 99021503 77896273 35634070 94612913 58772761 78048010 11463652 74323419 75953701 34169840 84296413 70455657 2227795 30350867 89907399 99260547 26446934 74521699 66526975 97039249 65563654 29275225 74804874 5228617 47907551 36981648 39119962 1051446 5749754 22923532 252971 56494933 43108572 27233504 73273832 45235895 60088421 48321403 14694971 96406552 24242271 74352109 36022519 72606310 81806702 407960 10266955 65362205 74936761 2181580 90807743 12280420 8781035 73487595 10676514 58782186 13203352 57358465 1574787 90928207 96181970 99187858 85845160 16192082 34244716 34031598 76938640 35371762 21890547 21967255 76685932 46218463 58834315 93304793 50115533 17825994 37269904 54641569 86279469 67482202 25811509 64469538 59909300 78088794 28360094 9418991 488961 98318963 61252148 57132162 36055847 35027090 30398786 63711847 66425304 96340162 834113 72637407 27780310 71869465 69929280 76790506 8398377 77166658 95951167 25018768 4751540 86264101 56510481
33 131 4036
12 3 773
79 139 978
131 192 3481
36 3 2736
117 154 4125
128 30 2152
166 164 3066
13 167 1202
173 131 4833
128 91 808
59 22 3590
86 49 4581
92 46 4194
123 131 1216
38 94 1816
143 196 1850
150 193 4772
143 89 2631
99 172 4206
56 128 415
28 35 2226
195 131 807
147 113 1215
135 131 982
70 174 1830
182 11 3988
115 131 3459
44 140 3980
92 171 4414
131 124 2633
70 133 1839
131 184 2159
141 42 1449
22 109 611
27 2 1203
88 126 1058
36 11 3338
198 158 4094
50 131 4730
61 54 2559
2 162 2405
181 59 1850
131 194 1936
24 11 1736
131 93 1457
108 44 3209
178 98 3764
131 38 1198
131 37 3304
166 193 2672
131 117 4675
169 180 3896
25 17 2811
5 131 34
131 142 461
96 27 3227
54 34 3532
98 58 1405
112 53 4626
24 39 1808
131 95 1958
131 114 4311
104 131 3801
174 31 518
72 16 2076
6 130 1714
131 74 4047
26 55 575
177 148 1493
117 107 703
172 79 1268
131 18 2121
125 198 3869
15 73 4649
77 52 4755
186 62 2893
60 77 3691
183 131 4250
64 131 4675
41 13 831
144 131 3094
41 140 2743
87 131 3182
105 188 2813
25 131 617
28 106 229
131 1 4710
122 131 3252
122 105 161
153 131 1256
102 131 236
71 158 2526
131 78 2053
189 131 757
81 171 3461
137 91 3518
176 131 3670
131 20 3907
131 119 2836
14 41 3474
145 131 4776
19 79 3619
21 31 3663
131 177 1747
165 131 4018
161 168 48
97 131 1925
191 131 3900
158 100 3908
147 131 4413
9 131 4828
163 131 740
131 101 331
180 51 601
131 55 4554
92 157 4839
159 76 1283
116 28 1526
40 54 5
121 118 2617
29 106 2548
185 61 7
7 178 227
131 110 2310
48 34 1376
181 115 2831
76 131 597
86 103 1309
197 131 3073
29 96 4092
15 137 808
139 81 1129
102 155 641
32 99 3667
80 49 3843
131 67 800
179 131 3432
131 69 1929
200 131 1827
98 161 1468
127 131 2858
60 12 1712
50 68 4856
85 173 3306
118 132 571
164 131 4007
185 162 1083
10 149 572
125 42 2892
32 111 3842
152 31 264
47 129 1620
7 132 3690
131 112 3437
190 116 1350
65 131 4665
23 176 4557
170 8 2890
131 126 1315
199 152 3816
174 66 2153
10 141 1023
170 188 1567
4 7 3895
112 151 2267
186 131 2496
131 47 963
156 131 2106
187 156 4910
100 66 2872
131 57 999
16 116 4970
82 161 1984
131 134 2674
108 196 219
43 149 542
73 6 666
146 81 4799
134 175 1674
131 51 1340
45 131 1555
131 120 4373
130 39 3607
138 131 4667
157 49 12
84 131 1659
83 131 1070
109 161 2597
75 175 1019
72 52 1456
118 111 794
167 103 1190
131 90 3246
89 149 121
160 30 4408
199 160 1805
63 32 1547
136 131 1576
200
73
83
176
85
107
68
182
158
4
104
183
94
5
120
56
93
142
137
144
76
1
154
23
131
175
27
141
140
43
161
166
24
184
164
167
114
115
147
18
42
41
145
36
169
106
45
44
21
19
37
69
168
200
119
47
20
108
95
188
127
39
17
101
129
153
165
186
174
74
65
193
100
113
29
126
152
170
133
185
199
146
163
159
48
33
7
92
116
67
117
122
57
191
11
10
86
60
22
40
62
178
28
189
155
13
143
149
35
81
61
54
195
124
171
9
49
77
125
187
156
132
197
87
25
111
177
63
6
162
150
34
118
15
72
78
51
105
90
14
198
89
2
98
110
31
59
136
181
109
190
123
26
82
103
71
96
99
173
194
192
138
70
157
16
55
135
32
112
52
38
75
84
3
180
121
102
8
12
46
148
97
130
79
50
160
64
196
66
151
58
179
80
134
30
88
139
172
128
53
91
